u1    
0.00000009873308
0.00000009733015
0.00000009490429
0.00000009094418
0.00000008505691
0.00000010268404
0.00000009996325
0.00000009617153
0.00000009097770
0.00000008419161
0.00000010638660
0.00000010219679
0.00000009713364
0.00000009097222
0.00000008361743
0.00000011162517
0.00000010623883
0.00000010042865
0.00000009398809
0.00000008683108
0.00000011258051
0.00000010628357
0.00000009983967
0.00000009304220
0.00000008580061
0.00000012290563
0.00000012168912
0.00000012092817
0.00000011709295
0.00000011110708
0.00000013433623
0.00000013134374
0.00000012761959
0.00000012273709
0.00000011635339
0.00000013879881
0.00000013433396
0.00000012920018
0.00000012307056
0.00000011572319
0.00000014239465
0.00000013724681
0.00000013118423
0.00000012443683
0.00000011683221
0.00000014762113
0.00000014055293
0.00000013341360
0.00000012592625
0.00000011792937
0.00000014624730
0.00000014609480
0.00000014452193
0.00000014198942
0.00000013775181
0.00000016049390
0.00000015781346
0.00000015466287
0.00000015058164
0.00000014512527
0.00000016685274
0.00000016263145
0.00000015787261
0.00000015218886
0.00000014526167
0.00000017243229
0.00000016654834
0.00000016026335
0.00000015324454
0.00000014524989
0.00000017965347
0.00000017236605
0.00000016503212
0.00000015733275
0.00000014905263
0.00000016970861
0.00000016912137
0.00000016804828
0.00000016660925
0.00000016418694
0.00000018569282
0.00000018337887
0.00000018189966
0.00000017809154
0.00000017285259
0.00000019376596
0.00000018992642
0.00000018572810
0.00000018076504
0.00000017465259
0.00000020142037
0.00000019579159
0.00000018984764
0.00000018322271
0.00000017561262
0.00000020972139
0.00000020336093
0.00000019611794
0.00000018852702
0.00000018032867
0.00000019971526
0.00000019916869
0.00000019855081
0.00000019801748
0.00000019740014
0.00000021036228
0.00000020942171
0.00000020737469
0.00000020492925
0.00000020153993
0.00000021985462
0.00000021649035
0.00000021296793
0.00000020890763
0.00000020390067
0.00000023290606
0.00000022755173
0.00000022206570
0.00000021609220
0.00000020929707
0.00000024001874
0.00000023282092
0.00000022561036
0.00000021804172
0.00000020982383
