par1  
0.80000000000000
0.80000000000000
0.80000000000000
0.80000000000000
0.80000000000000
1.00000000000000
1.00000000000000
1.00000000000000
1.00000000000000
1.00000000000000
1.20000000000000
1.20000000000000
1.20000000000000
1.20000000000000
1.20000000000000
1.40000000000000
1.40000000000000
1.40000000000000
1.40000000000000
1.40000000000000
1.60000000000000
1.60000000000000
1.60000000000000
1.60000000000000
1.60000000000000
0.80000000000000
0.80000000000000
0.80000000000000
0.80000000000000
0.80000000000000
1.00000000000000
1.00000000000000
1.00000000000000
1.00000000000000
1.00000000000000
1.20000000000000
1.20000000000000
1.20000000000000
1.20000000000000
1.20000000000000
1.40000000000000
1.40000000000000
1.40000000000000
1.40000000000000
1.40000000000000
1.60000000000000
1.60000000000000
1.60000000000000
1.60000000000000
1.60000000000000
0.80000000000000
0.80000000000000
0.80000000000000
0.80000000000000
0.80000000000000
1.00000000000000
1.00000000000000
1.00000000000000
1.00000000000000
1.00000000000000
1.20000000000000
1.20000000000000
1.20000000000000
1.20000000000000
1.20000000000000
1.40000000000000
1.40000000000000
1.40000000000000
1.40000000000000
1.40000000000000
1.60000000000000
1.60000000000000
1.60000000000000
1.60000000000000
1.60000000000000
0.80000000000000
0.80000000000000
0.80000000000000
0.80000000000000
0.80000000000000
1.00000000000000
1.00000000000000
1.00000000000000
1.00000000000000
1.00000000000000
1.20000000000000
1.20000000000000
1.20000000000000
1.20000000000000
1.20000000000000
1.40000000000000
1.40000000000000
1.40000000000000
1.40000000000000
1.40000000000000
1.60000000000000
1.60000000000000
1.60000000000000
1.60000000000000
1.60000000000000
0.80000000000000
0.80000000000000
0.80000000000000
0.80000000000000
0.80000000000000
1.00000000000000
1.00000000000000
1.00000000000000
1.00000000000000
1.00000000000000
1.20000000000000
1.20000000000000
1.20000000000000
1.20000000000000
1.20000000000000
1.40000000000000
1.40000000000000
1.40000000000000
1.40000000000000
1.40000000000000
1.60000000000000
1.60000000000000
1.60000000000000
1.60000000000000
1.60000000000000
